162 817 812
57 618 57
906 360 560
592 479 940
352 342 300
466 668 158
542 29 236
431 825 988
739 650 466
52 470 668
216 146 977
819 987 18
117 168 530
805 96 715
346 949 466
970 615 88
941 993 340
862 61 35
984 92 344
425 690 689
Points Size: 20
Paths Size: 190
620651
825889
315528
523869
542333
1097120
103401
480534
153245
480382
1090985
502750
942699
170996
1217844
860601
1665265
1420333
100427
1040374
1085235
222250
179982
614187
1049486
633429
395250
1094465
718326
429829
1264952
360363
834539
1002170
958758
1218374
540032
257157
374840
450068
347033
625034
120825
753080
695785
694462
660285
103922
669357
291905
450314
366962
124564
356902
485969
663121
700616
147941
275526
365665
253634
1159677
490446
242683
506092
887284
745997
1066649
658649
135411
139436
138165
712874
272189
241808
515241
713638
138401
437950
396041
501397
772322
409286
463860
277754
420181
714774
169717
470700
1005745
245970
510185
752354
188225
261725
364374
540394
634696
284126
1211441
477350
621205
669046
1042017
286382
303099
937716
548484
1099313
143825
210997
655819
397973
372066
507387
1117688
740009
745846
295085
1144621
708228
1677666
1257834
107662
545173
788666
320673
623304
373273
243850
197470
174329
547811
386273
149925
227353
1278078
114473
709094
356681
1200149
1171434
1224070
1116484
187970
1990571
210094
418065
922830
1578798
1648803
1311905
993429
422561
1425709
1279886
425877
166085
118604
859614
934526
693686
512753
666498
1122782
1395701
811499
792061
392629
1000291
689715
963730
466874
169698
497912
643816
371837
1240561
1156377
123051
207229
321389
339261
663851
967890
813666
479866
111326
1014326
789110

SORTED

0, 19 100427
0, 7 103401
2, 13 103922
7, 19 107662
17, 18 111326
9, 12 114473
11, 16 118604
2, 8 120825
14, 19 123051
2, 18 124564
3, 19 135411
4, 6 138165
4, 12 138401
4, 5 139436
6, 17 143825
3, 7 147941
8, 19 149925
0, 9 153245
11, 15 166085
13, 18 169698
5, 8 169717
0, 14 170996
8, 16 174329
1, 5 179982
9, 19 187970
5, 14 188225
8, 15 197470
15, 16 207229
10, 12 210094
6, 18 210997
1, 4 222250
9, 10 227353
4, 9 241808
3, 13 242683
8, 14 243850
5, 11 245970
3, 10 253634
2, 3 257157
5, 15 261725
4, 8 272189
3, 8 275526
4, 19 277754
5, 19 284126
6, 12 286382
2, 15 291905
7, 14 295085
6, 13 303099
0, 3 315528
8, 11 320673
15, 17 321389
15, 18 339261
2, 6 347033
9, 14 356681
2, 19 356902
1, 14 360363
5, 16 364374
3, 9 365665
2, 17 366962
14, 16 371837
7, 9 372066
8, 13 373273
2, 4 374840
8, 18 386273
12, 19 392629
1, 9 395250
4, 14 396041
7, 8 397973
4, 17 409286
10, 13 418065
5, 6 420181
10, 19 422561
11, 14 425877
1, 12 429829
4, 13 437950
2, 5 450068
2, 16 450314
4, 18 463860
13, 17 466874
5, 9 470700
6, 8 477350
16, 19 479866
0, 10 480382
0, 8 480534
3, 4 485969
3, 12 490446
13, 19 497912
4, 15 501397
0, 12 502750
3, 14 506092
7, 10 507387
5, 12 510185
12, 13 512753
4, 10 515241
0, 4 523869
1, 19 540032
5, 17 540394
0, 5 542333
8, 9 545173
8, 17 547811
6, 15 548484
1, 6 614187
0, 1 620651
6, 9 621205
8, 12 623304
2, 7 625034
1, 8 633429
5, 18 634696
14, 15 643816
6, 19 655819
3, 18 658649
2, 12 660285
3, 5 663121
15, 19 663851
12, 14 666498
6, 10 669046
2, 14 669357
13, 15 689715
11, 19 693686
2, 11 694462
2, 10 695785
3, 6 700616
7, 16 708228
9, 13 709094
4, 7 712874
4, 11 713638
5, 7 714774
1, 11 718326
7, 12 740009
7, 13 745846
3, 16 745997
5, 13 752354
2, 9 753080
4, 16 772322
8, 10 788666
18, 19 789110
12, 18 792061
12, 17 811499
16, 18 813666
0, 2 825889
1, 15 834539
11, 17 859614
0, 16 860601
3, 15 887284
10, 14 922830
11, 18 934526
6, 14 937716
0, 13 942699
1, 17 958758
13, 16 963730
16, 17 967890
10, 18 993429
13, 14 1000291
1, 16 1002170
5, 10 1005745
17, 19 1014326
1, 2 1040374
6, 11 1042017
1, 7 1049486
3, 17 1066649
1, 3 1085235
0, 11 1090985
1, 10 1094465
0, 6 1097120
6, 16 1099313
9, 18 1116484
7, 11 1117688
12, 15 1122782
7, 15 1144621
14, 18 1156377
3, 11 1159677
9, 16 1171434
9, 15 1200149
6, 7 1211441
0, 15 1217844
1, 18 1218374
9, 17 1224070
14, 17 1240561
7, 18 1257834
1, 13 1264952
9, 11 1278078
11, 13 1279886
10, 17 1311905
12, 16 1395701
0, 18 1420333
11, 12 1425709
10, 15 1578798
10, 16 1648803
0, 17 1665265
7, 17 1677666
10, 11 1990571
