PART 1: 4715966250
PART 2:
2008 1
2008 1
2038 3
2038 3
2087 5
2087 5
2102 7
2102 7
2176 9
2176 9
2183 11
2183 11
2213 13
2213 13
2237 15
2237 15
2240 17
2240 17
2244 19
2244 19
2323 21
2323 21
2367 23
2367 23
2728 25
2728 25
2895 27
2895 27
2952 29
2952 29
2967 31
2967 31
3095 33
3095 33
3354 35
3354 35
3527 37
3527 37
3534 39
3534 39
3584 41
3584 41
4092 43
4092 43
4206 45
4206 45
4454 47
4454 47
4496 49
4496 49
4640 51
4640 51
4890 53
4890 53
5185 55
5185 55
5424 57
5424 57
5465 59
5465 59
5477 61
5477 61
6447 63
6447 63
6675 65
6675 65
6762 67
6762 67
6787 69
6787 69
6962 71
6962 71
7085 73
7085 73
7401 75
7401 75
7794 77
7794 77
8067 79
8067 79
8154 81
8154 81
8600 83
8600 83
8829 85
8829 85
9616 87
9616 87
9784 89
9784 89
10357 91
10357 91
10490 93
10490 93
10518 95
10518 95
10919 97
10919 97
11908 99
11908 99
11977 101
11977 101
12331 103
12331 103
12480 105
12480 105
12963 107
12963 107
13160 109
13160 109
13519 111
13519 111
14407 113
14407 113
14674 115
14674 115
14728 117
14728 117
15638 119
15638 119
15746 121
15746 121
16541 123
16541 123
16564 125
16564 125
17341 127
17341 127
17413 129
17413 129
18285 131
18285 131
18425 133
18425 133
18753 135
18753 135
19362 137
19362 137
20069 139
20069 139
20283 141
20283 141
20693 143
20693 143
21583 145
21583 145
21868 147
21868 147
22264 149
22264 149
22680 151
22680 151
23169 153
23169 153
23899 155
23899 155
24374 157
24374 157
25116 159
25116 159
25194 161
25194 161
25926 163
25926 163
26495 165
26495 165
27114 167
27114 167
27694 169
27694 169
28157 171
28157 171
28386 173
28386 173
29241 175
29241 175
29857 177
29857 177
30408 179
30408 179
30957 181
30957 181
31359 183
31359 183
32025 185
32025 185
32389 187
32389 187
33134 189
33134 189
33564 191
33564 191
34171 193
34171 193
34693 195
34693 195
35366 197
35366 197
35834 199
35834 199
36565 201
36565 201
37007 203
37007 203
37600 205
37600 205
38344 207
38344 207
38889 209
38889 209
39454 211
39454 211
39999 213
39999 213
40612 215
40612 215
41174 217
41174 217
41932 219
41932 219
42449 221
42449 221
43087 223
43087 223
43624 225
43624 225
44317 227
44317 227
44834 229
44834 229
45517 231
45517 231
46031 233
46031 233
46664 235
46664 235
47243 237
47243 237
47918 239
47918 239
48460 241
48460 241
49110 243
49110 243
49668 245
49668 245
50330 247
50330 247
50888 249
50888 249
51559 251
51559 251
52079 253
52079 253
52747 255
52747 255
53310 257
53310 257
53959 259
53959 259
54522 261
54522 261
55225 263
55225 263
55774 265
55774 265
56377 267
56377 267
56887 269
56887 269
57591 271
57591 271
58196 273
58196 273
58715 275
58715 275
59398 277
59398 277
60041 279
60041 279
60438 281
60438 281
61119 283
61119 283
61689 285
61689 285
62408 287
62408 287
62924 289
62924 289
63561 291
63561 291
64084 293
64084 293
64540 295
64540 295
65186 297
65186 297
65728 299
65728 299
66265 301
66265 301
67016 303
67016 303
67451 305
67451 305
68051 307
68051 307
68450 309
68450 309
69403 311
69403 311
69702 313
69702 313
70316 315
70316 315
70689 317
70689 317
71389 319
71389 319
72127 321
72127 321
72505 323
72505 323
73089 325
73089 325
73707 327
73707 327
73826 329
73826 329
74821 331
74821 331
75276 333
75276 333
75449 335
75449 335
75929 337
75929 337
76812 339
76812 339
77395 341
77395 341
77590 343
77590 343
78254 345
78254 345
78555 347
78555 347
79240 349
79240 349
79522 351
79522 351
79964 353
79964 353
80377 355
80377 355
80757 357
80757 357
81428 359
81428 359
81727 361
81727 361
82182 363
82182 363
82875 365
82875 365
83039 367
83039 367
83411 369
83411 369
83998 371
83998 371
84768 373
84768 373
84943 375
84943 375
85074 377
85074 377
85992 379
85992 379
86009 381
86009 381
86887 383
86887 383
87147 385
87147 385
87326 387
87326 387
87914 389
87914 389
88386 391
88386 391
88532 393
88532 393
88833 395
88833 395
89308 397
89308 397
89653 399
89653 399
90071 401
90071 401
90449 403
90449 403
90867 405
90867 405
90947 407
90947 407
90957 409
90957 409
91625 411
91625 411
91855 413
91855 413
92097 415
92097 415
92197 417
92197 417
92478 419
92478 419
92569 421
92569 421
93294 423
93294 423
93680 425
93680 425
93774 427
93774 427
93984 429
93984 429
94202 431
94202 431
94377 433
94377 433
94487 435
94487 435
94703 437
94703 437
94988 439
94988 439
95078 441
95078 441
95304 443
95304 443
95694 445
95694 445
95746 447
95746 447
96016 449
96016 449
96207 451
96207 451
96316 453
96316 453
96536 455
96536 455
96629 457
96629 457
96723 459
96723 459
96759 461
96759 461
96956 463
96956 463
97206 465
97206 465
97360 467
97360 467
97378 469
97378 469
97443 471
97443 471
97510 473
97510 473
97581 475
97581 475
97629 477
97629 477
97648 479
97648 479
97657 481
97657 481
97683 483
97683 483
97741 485
97741 485
97886 487
97886 487
97916 489
97916 489
97985 491
97985 491
98098 493
98098 493
98273 495
98273 495
